#JOSM PicLayer plugin calibration data
#Wed Apr 26 00:15:22 CST 2023
POSITION_X=63.98266316653344
POSITION_Y=-232.858023820931
INITIAL_SCALE=86.70808812491389
M00=0.1320198108920784
M11=0.1320198108920784
M10=-0.0010923528693970897
M02=-61.45453234319034
M01=0.0010923528693970897
M12=-242.62117589626394
