#JOSM PicLayer plugin calibration data
#Wed Apr 26 00:15:26 CST 2023
POSITION_X=3.359637423469323
POSITION_Y=-3.35963742346906
INITIAL_SCALE=14.000000000004292
M00=1.007616167776149
M11=1.007616167776149
M10=0.0
M02=-19.687333537447206
M01=0.0
M12=-10.743516731038218
