#JOSM PicLayer plugin calibration data
#Wed Apr 26 00:15:25 CST 2023
POSITION_X=-214.14048734583372
POSITION_Y=-76.87838351617611
INITIAL_SCALE=51.42037302727531
M00=0.20279663670892115
M11=0.20279663670892115
M10=0.0
M02=410.35238335381916
M01=0.0
M12=-127.6527777853563
