#JOSM PicLayer plugin calibration data
#Wed Apr 26 00:15:24 CST 2023
POSITION_X=-668.4052739287629
POSITION_Y=-113.13076647308604
INITIAL_SCALE=94.4305272236865
M00=0.1416582400132189
M11=0.1416582400132189
M10=0.0
M02=687.5750042066876
M01=0.0
M12=-108.84612337113751
