#JOSM PicLayer plugin calibration data
#Wed Apr 26 00:15:28 CST 2023
POSITION_X=426.5365521802609
POSITION_Y=-195.6421529734977
INITIAL_SCALE=79.61718278326266
M00=-0.15285888466112235
M11=-0.15285888466112235
M10=5.366386244040297E-4
M02=-550.5975773772373
M01=-5.366386244040297E-4
M12=-241.34758663773758
